Case #1: 0
Case #2: 2
1 3
2 3
Case #3: 3
1 3
2 4
3 4
Case #4: -1
Case #5: -1
Case #6: -1
Case #7: -1
Case #8: 89
39 47
81 47
38 71
12 14
93 31
75 19
51 79
71 61
34 52
1 52
5 100
58 49
14 49
79 49
19 96
40 96
87 82
68 82
11 95
64 95
17 90
94 90
47 77
52 77
13 88
45 88
36 63
32 44
100 44
54 44
59 44
53 44
10 48
62 48
85 60
18 60
49 57
16 91
27 26
77 26
91 26
99 70
84 70
97 86
8 86
41 86
22 86
33 2
86 69
61 76
95 76
88 76
57 98
26 98
29 89
48 89
25 89
37 80
30 43
2 43
66 67
73 28
43 28
4 24
72 24
46 24
6 24
80 24
7 35
15 35
65 35
74 23
92 23
96 23
90 23
63 23
44 23
60 23
69 23
89 23
28 23
42 23
24 23
35 23
31 83
82 83
20 83
76 83
55 83
Case #9: -1
