100
2 98
551 71
494 92
1000 98
950 95
871 75
744 3
758 85
492 78
824 54
462 18
140 74
522 40
124 68
3 10
500 44
171 6
950 63
580 93
387 98
793 69
1000 4
1000 1
2 95
2 36
125 51
2 99
1000 3
656 95
103 5
2 96
355 11
758 81
397 40
924 39
30 46
289 65
716 10
808 71
95 37
226 22
892 10
440 28
1000 97
264 31
1000 2
451 5
79 65
912 68
289 48
177 61
317 36
2 50
537 11
169 3
446 2
270 26
958 86
373 46
81 39
801 16
728 33
279 28
1000 99
837 81
555 27
918 38
67 45
424 35
1000 96
2 2
2 3
93 3
865 23
245 99
582 60
875 93
2 5
981 68
2 1
2 97
5 75
642 34
428 98
635 54
1000 95
13 37
439 40
906 56
950 71
755 11
398 61
915 30
452 71
508 54
740 92
2 4
838 46
1000 5
712 1
